chr	hg38	hg37
1	1212596	1147976
1	24929565	25256056
11	95039137	94772301
11	95068470	94801633
12	6772954	6882120
12	6773372	6882538
12	6774502	6883668
12	6774504	6883670
12	6775910	6885076
14	95087025	95553362
14	95089049	95555386
14	95089200	95555537
14	95090171	95556508
14	95099731	95566068
14	95105298	95571635
14	95108257	95574594
14	95112338	95578675
14	95116207	95582544
14	95124733	95591070
14	95129317	95595654
14	95129942	95596279
14	95132315	95598652
14	95132328	95598665
14	95133669	95600006
14	95157257	95623594
15	73684576	73976917
15	73685129	73977470
15	73708165	74000506
15	73708498	74000839
15	73711083	74003424
15	73711595	74003936
15	73713259	74005600
15	90091709	90634941
17	7668836	7572154
17	7669124	7572442
17	7675393	7578711
17	7675519	7578837
17	7676325	7579643
17	7676333	7579651
17	7676483	7579801
17	76735405	74731487
17	76736584	74732666
17	76737017	74733099
17	76737321	74733403
2	25233776	25456645
2	25233778	25456647
2	25233779	25456648
2	25233798	25456667
2	25235984	25458853
2	25249915	25472784
2	25274815	25497684
2	25282154	25505023
2	25300327	25523196
2	32916626	33141693
2	66820139	67047271
2	197390610	198255334
2	197392575	198257299
2	197392949	198257673
2	197397953	198262677
2	197399991	198264715
2	197402219	198266943
2	197402519	198267243
2	203867624	204732347
2	203867991	204732714
2	203868127	204732850
2	203873327	204738050
2	203873351	204738074
2	203874002	204738725
2	208237181	209101905
2	208245282	209110006
2	208245451	209110175
2	208247435	209112159
2	208248324	209113048
2	241850723	242792875
2	241851121	242793273
2	241851407	242793559
2	241852039	242794191
20	32358292	30946095
20	32360066	30947869
20	32360478	30948281
20	32366492	30954295
20	32372684	30960487
20	32428511	31016314
20	32431221	31019024
20	32434638	31022441
20	32436471	31024274
20	32437360	31025163
20	32437428	31025231
20	32437732	31025535
21	34789493	36161790
21	34789604	36161901
21	34821574	36193871
21	34833293	36205590
21	34834018	36206315
21	34834635	36206932
21	34886886	36259183
21	34887242	36259539
21	34893026	36265323
21	35048739	36421036
21	35049115	36421412
21	35049395	36421692
21	35064789	36437086
21	35064872	36437169
21	35064984	36437281
21	35372869	36745167
21	35435660	36807958
21	35436723	36809021
21	35436835	36809133
21	35437241	36809539
21	35437257	36809555
21	35437258	36809556
21	35437259	36809557
21	35437268	36809566
21	35437637	36809935
21	35438214	36810512
21	35438446	36810744
21	35438950	36811248
21	35580589	36952887
21	35599703	36972001
21	35600094	36972392
21	35600254	36972552
21	35981841	37354139
21	35981927	37354225
21	35984808	37357106
22	43435076	43830996
4	105145825	106066982
4	105147574	106068731
4	105147873	106069030
4	105238114	106159271
4	105239208	106160365
4	105240987	106162144
4	105241952	106163109
4	105241953	106163110
4	105241954	106163111
4	105275794	106196951
4	105276838	106197995
4	105278171	106199328
4	105278348	106199505
4	105278405	106199562
5	31401340	31401447
5	31405658	31405765
5	31405767	31405874
5	31422975	31423082
5	31467094	31467201
5	31483646	31483753
5	31483662	31483769
5	31485123	31485230
5	31508826	31508933
5	31508838	31508945
5	31511360	31511467
5	31515266	31515373
5	31529192	31529299
5	31529199	31529306
5	31532322	31532429
5	67856004	67151832
5	67856527	67152355
5	67859974	67155802
5	67860206	67156034
5	67860262	67156090
5	67860355	67156183
6	7517006	7517239
6	7517872	7518105
6	45423101	45390838
7	47052982	47092580
7	66991016	66456003
7	66993640	66458627
7	66994158	66459145
7	72833890	72304470
7	72834049	72304629
7	72836753	72307332
7	72836963	72307542
7	148807624	148504716
7	148807762	148504854
7	148807768	148504860
7	148810442	148507534
7	148811741	148508833
7	148819159	148516251
7	148846433	148543525
7	148846601	148543693
7	148847541	148544633
7	148884496	148581588
9	5463243	5463243
9	5465732	5465732
9	5467955	5467955
1	1211863	1147243
1	1211917	1147297
1	1212042	1147422
1	1212596	1147976
10	94403655	96163412
11	95037711	94770875
12	6772779	6881945
12	6775078	6884244
12	6777854	6887020
14	95087805	95554142
14	95089049	95555386
14	95099731	95566068
14	95108257	95574594
14	95126822	95593159
14	95133735	95600072
14	95157679	95624016
15	73684930	73977271
15	73684995	73977336
15	73690624	73982965
15	90091367	90634599
15	90091452	90634684
16	67416378	67450281
17	7673125	7576443
17	7674360	7577678
17	7675327	7578645
17	82801734	80759610
17	82801925	80759801
17	82801960	80759836
2	25233790	25456659
2	25244998	25467867
2	66820508	67047640
2	190294506	191159232
2	197390771	198255495
2	197392570	198257294
2	197392928	198257652
2	197400179	198264903
2	197400449	198265173
2	197402110	198266834
2	197403046	198267770
2	197417019	198281743
2	197417052	198281776
2	203873369	204738092
2	208236190	209100914
2	208236587	209101311
2	208245179	209109903
2	208245546	209110270
2	208251575	209116299
2	208266241	209130965
2	241853160	242795312
2	241853198	242795350
20	32358589	30946392
20	32358851	30946654
21	34830143	36202440
21	34833845	36206142
21	35372570	36744868
21	35435660	36807958
21	35437241	36809539
21	35437267	36809565
21	35437271	36809569
21	35438214	36810512
21	35600397	36972695
22	43435136	43831056
4	105145663	106066820
4	105202425	106123582
4	105202481	106123638
4	105233833	106154990
4	105235030	106156187
4	105238425	106159582
4	105238976	106160133
4	105239074	106160231
4	105241938	106163095
4	105243127	106164284
4	105272496	106193653
4	105275672	106196829
4	105277503	106198660
4	105278171	106199328
5	31400896	31401003
5	31405767	31405874
5	31405874	31405981
5	31407032	31407139
5	31408564	31408671
5	31408606	31408713
5	31409008	31409115
5	31409145	31409252
5	31410572	31410679
5	31422900	31423007
5	31423587	31423694
5	31435868	31435975
5	31448467	31448574
5	31449134	31449241
5	31467845	31467952
5	31472010	31472117
5	31511436	31511543
5	31530630	31530737
5	31531016	31531123
5	31531512	31531619
5	67856004	67151832
5	67859122	67154950
6	7517872	7518105
6	32662897	32630674
6	32662931	32630708
6	32662945	32630722
6	32662965	32630742
6	32663043	32630820
7	66994566	66459553
7	72829753	72300332
7	72831897	72302477
7	72833628	72304208
7	148807814	148504906
7	148811389	148508481
9	5450497	5450497
9	5466085	5466085
11	95037890	94771054
14	95099731	95566068
14	95115624	95581961
15	73703997	73996338
15	90083359	90626591
15	90084384	90627616
15	90087660	90630892
15	90090314	90633546
17	7674360	7577678
17	7676341	7579659
17	76736425	74732507
2	25247044	25469913
2	25313958	25536827
2	66820139	67047271
2	66820585	67047717
2	95279154	95944902
2	197393455	198258179
2	197400802	198265526
2	197408867	198273591
2	197410205	198274929
2	197420830	198285554
2	203873327	204738050
2	203873349	204738072
2	208241865	209106589
2	208245125	209109849
2	208247493	209112217
2	208255534	209120258
2	241850956	242793108
2	241852100	242794252
20	32433824	31021627
21	34789584	36161881
21	34791452	36163749
21	34792091	36164388
21	34792108	36164405
21	34792744	36165041
21	34821405	36193702
21	35049395	36421692
21	35954659	37326957
21	35954689	37326987
21	35982021	37354319
4	105239074	106160231
4	105243823	106164980
4	105278171	106199328
5	31405767	31405874
5	31410501	31410608
5	31424616	31424723
5	31449134	31449241
5	31451645	31451752
5	31467304	31467411
5	31530617	31530724
5	67855737	67151565
5	67855840	67151668
5	67856557	67152385
5	67857439	67153267
5	67858098	67153926
5	67859131	67154959
5	67859465	67155293
5	67859576	67155404
5	67860255	67156083
6	7518011	7518244
6	45422774	45390511
6	45422996	45390733
7	66995785	66460772
7	148808972	148506064
7	148819786	148516878
9	5450529	5450529
9	5450750	5450750
9	5463241	5463241
9	5467801	5467801
9	5468257	5468257
9	5470775	5470775
9	118988790	121751068
1	1212082	1147462
11	95038382	94771546
14	95086612	95552949
14	95105298	95571635
14	95107546	95573883
14	95126849	95593186
15	90090184	90633416
15	90091762	90634994
15	90102589	90645821
17	7674892	7578210
2	25235510	25458379
2	25235677	25458546
2	25240614	25463483
2	25244019	25466888
2	25275261	25498130
2	25299926	25522795
2	197392928	198257652
2	197410062	198274786
2	197418945	198283669
2	208240016	209104740
2	208243593	209108317
2	208243773	209108497
2	208245282	209110006
2	208245546	209110270
2	208247827	209112551
2	208248468	209113192
2	208251254	209115978
2	208251325	209116049
2	208255170	209119894
2	208255916	209120640
2	208266043	209130767
2	208266091	209130815
2	208266265	209130989
20	32358313	30946116
20	32368920	30956723
20	32431557	31019360
20	32434599	31022402
21	34790997	36163294
21	34792218	36164515
21	34792344	36164641
21	34880897	36253194
21	34886895	36259192
21	34893026	36265323
21	35435686	36807984
21	35435962	36808260
21	35438861	36811159
21	35954812	37327110
21	35954813	37327111
21	35981927	37354225
21	35982069	37354367
21	36004467	37376765
4	77548154	78469308
4	105146435	106067592
4	105234028	106155185
4	105237638	106158795
4	105239072	106160229
4	105239074	106160231
4	105272431	106193588
4	105275947	106197104
4	105278171	106199328
5	31405767	31405874
5	31424654	31424761
5	31435868	31435975
5	31471980	31472087
5	31483661	31483768
5	31508826	31508933
5	31510999	31511106
5	31515550	31515657
5	31526264	31526371
5	67858488	67154316
7	47054247	47093845
7	66988473	66453460
7	66994269	66459256
7	66995024	66460011
7	72834037	72304617
7	148809271	148506363
7	148827162	148524254
7	148832830	148529922
9	5450810	5450810
9	5470497	5470497
1	1212390	1147770
11	95068243	94801406
12	6774534	6883700
14	95088868	95555205
14	95099771	95566108
15	90083119	90626351
17	7668836	7572154
17	7673125	7576443
2	25244439	25467308
2	25248300	25471169
2	25282154	25505023
2	25282924	25505793
2	66819882	67047014
2	197393071	198257795
2	197400626	198265350
2	197401989	198266713
2	197418581	198283305
20	32358292	30946095
20	32358583	30946386
21	35984412	37356710
22	43434980	43830900
22	43434990	43830910
4	105147856	106069013
4	105202263	106123420
4	105241938	106163095
4	105274935	106196092
4	105279478	106200635
5	31527603	31527710
5	31531054	31531161
5	31532067	31532174
6	7516165	7516398
6	7516441	7516674
6	7517276	7517509
6	7517911	7518144
6	45423225	45390962
7	47053478	47093076
7	148846661	148543753
14	95087922	95554259
14	95090410	95556747
14	95091530	95557867
14	95095374	95561711
14	95099731	95566068
14	95112111	95578448
14	95115562	95581899
14	95126822	95593159
14	95131747	95598084
14	95140448	95606785
15	73684207	73976548
15	73699894	73992235
17	7673183	7576501
17	7674797	7578115
2	25240119	25462988
2	190294607	191159333
2	197392636	198257360
2	197397953	198262677
2	197398422	198263146
2	197408623	198273347
2	241850169	242792321
2	241851331	242793483
20	32434485	31022288
21	34833155	36205452
21	34880849	36253146
21	34886542	36258839
21	34888656	36260953
21	34889652	36261949
21	35372661	36744959
21	35435660	36807958
21	35984679	37356977
4	105238487	106159644
4	105276838	106197995
5	31405767	31405874
5	31405791	31405898
5	31467290	31467397
5	31508950	31509057
5	67859358	67155186
6	7516898	7517131
6	45422729	45390466
7	66992988	66457975
7	148807814	148504906
7	148809304	148506396
7	148817526	148514618
7	148836710	148533802
9	5450790	5450790
9	5470813	5470813
14	95095271	95561608
17	7669767	7573085
17	7674089	7577407
17	7674109	7577427
17	7674866	7578184
17	7674954	7578272
17	7675088	7578406
17	7677182	7580500
2	25233764	25456633
2	25233775	25456644
2	25314319	25537188
2	197390610	198255334
20	32358685	30946488
21	34789933	36162230
21	34880325	36252622
21	34887242	36259539
21	34887258	36259555
21	35049034	36421331
21	35654784	37027082
21	35654872	37027170
21	35981927	37354225
4	105235006	106156163
5	31421525	31421632
5	31451342	31451449
5	31486335	31486442
5	67856004	67151832
5	67860029	67155857
6	7516467	7516700
1	1213179	1148559
14	95126849	95593186
15	73712901	74005242
17	7676154	7579472
2	66822100	67049232
2	197397796	198262520
2	203871572	204736295
20	32439308	31027111
21	34889717	36262014
21	35064754	36437051
21	35064874	36437171
21	35065082	36437379
21	35461791	36834089
21	35464998	36837296
21	35580501	36952799
21	35654664	37026962
21	35654665	37026963
21	35981713	37354011
21	35984753	37357051
4	105277337	106198494
4	105278171	106199328
5	31451645	31451752
6	7516106	7516339
6	134830076	135151214
7	66993006	66457993
7	72830823	72301403
7	72834018	72304598
7	148814834	148511926
7	148818760	148515852
7	148836710	148533802
14	95086762	95553099
14	95090947	95557284
14	95157502	95623839
14	95157834	95624171
15	73709528	74001869
17	76737436	74733518
2	197392570	198257294
2	197392949	198257673
2	197401770	198266494
2	197402519	198267243
2	208245451	209110175
20	32434666	31022469
20	32434909	31022712
21	34787652	36159949
5	31486782	31486889
6	7516105	7516338
6	7516196	7516429
6	7516600	7516833
7	47054259	47093857
7	72837200	72307779
1	1211644	1147024
1	1212539	1147919
11	95068375	94801538
12	6774354	6883520
14	95136639	95602976
15	73699383	73991724
15	73702465	73994806
15	73702506	73994847
15	73702824	73995165
15	73702832	73995173
15	73703090	73995431
15	73703247	73995588
15	73703262	73995603
15	73703725	73996066
15	73703760	73996101
15	73704018	73996359
15	73708162	74000503
15	73708388	74000729
15	73709652	74001993
15	73711192	74003533
15	73711630	74003971
15	73714350	74006691
17	7668783	7572101
17	7673030	7576348
17	7674515	7577833
17	7675361	7578679
17	7676301	7579619
17	7676734	7580052
2	25242026	25464895
21	34789365	36161662
21	34832897	36205194
21	34856403	36228700
21	35435660	36807958
21	35599555	36971853
4	105237015	106158172
5	31405837	31405944
7	66994526	66459513
14	95089200	95555537
14	95117392	95583729
15	90088542	90631774
17	7668317	7571635
17	7668854	7572172
2	25233778	25456647
2	25234482	25457351
2	208251575	209116299
2	241859044	242801196
20	32435669	31023472
7	148883555	148580647
14	95088778	95555115
14	95113197	95579534
14	95128939	95595276
15	73683999	73976340
15	90083118	90626350
15	90083172	90626404
15	90102188	90645420
2	197419811	198284535
2	241852105	242794257
20	32360066	30947869
21	35600244	36972542
4	105146577	106067734
4	105147341	106068498
4	105147545	106068702
4	105234042	106155199
4	105234594	106155751
4	105237842	106158999
4	105242067	106163224
4	105275843	106197000
4	105276593	106197750
4	105276838	106197995
4	105277601	106198758
4	105278171	106199328
6	122998237	123319382
7	47052888	47092486
7	66988590	66453577
7	66994412	66459399
7	72830621	72301201
9	5462929	5462929
15	90088702	90631934
17	7668434	7571752
17	7675353	7578671
2	197398345	198263069
2	203873327	204738050
2	208236655	209101379
2	241851760	242793912
20	32429316	31017119
21	34833381	36205678
21	34889994	36262291
21	35864404	37236702
5	67859899	67155727
7	66995054	66460041
15	73702481	73994822
15	73702487	73994828
15	73704014	73996355
15	73704029	73996370
15	73704047	73996388
15	90090525	90633757
17	76736877	74732959
17	76737228	74733310
2	25239458	25462327
2	25246633	25469502
2	197392582	198257306
2	197393455	198258179
2	203871138	204735861
2	208245546	209110270
21	34792014	36164311
21	34856063	36228360
21	34859485	36231782
6	45422749	45390486
7	66988489	66453476
7	66993125	66458112
7	66994019	66459006
9	5465262	5465262
12	6775574	6884740
14	95116698	95583035
2	197391083	198255807
2	203873327	204738050
2	208240399	209105123
2	208240404	209105128
2	208254758	209119482
2	241850836	242792988
20	32436146	31023949
4	105190244	106111401
4	105190592	106111749
4	105233833	106154990
4	105237059	106158216
4	105241938	106163095
4	105243073	106164230
4	105269705	106190862
4	105276839	106197996
4	105276840	106197997
4	105278405	106199562
4	105279857	106201014
5	31483646	31483753
5	31486471	31486578
7	72830881	72301461
7	148807814	148504906
2	25252331	25475200
2	197397796	198262520
2	197407986	198272710
2	197424102	198288826
2	203874196	204738919
2	208243577	209108301
2	208245662	209110386
20	32372600	30960403
21	34889464	36261761
21	35437239	36809537
5	31526767	31526874
7	66991016	66456003
7	72834037	72304617
7	148828812	148525904
7	148883717	148580809
9	5465309	5465309
1	30206945	30679792
14	95126822	95593159
11	95068468	94801631
14	95134444	95600781
17	7674326	7577644
2	25233764	25456633
2	66820022	67047154
2	66822249	67049381
2	197390698	198255422
2	203871637	204736360
5	67860262	67156090
12	115508765	115946570
14	95089625	95555962
17	76734071	74730153
2	203873327	204738050
2	208243560	209108284
20	32358902	30946705
20	32360171	30947974
20	32436677	31024480
4	105146202	106067359
17	82801692	80759568
19	45179566	45682824
2	197392351	198257075
2	203873345	204738068
21	34886901	36259198
21	34888703	36261000
21	35372644	36744942
5	31401638	31401745
5	31431449	31431556
5	31437082	31437189
5	31467633	31467740
5	31472317	31472424
5	31483489	31483596
5	31484788	31484895
5	31486433	31486540
5	31493419	31493526
5	31504704	31504811
5	31508837	31508944
7	72836747	72307326
21	35581187	36953485
1	24929491	25255982
14	95090171	95556508
14	95099731	95566068
15	90100604	90643836
2	197419849	198284573
2	203873353	204738076
4	126153603	127074758
5	67859348	67155176
5	67859349	67155177
5	67859611	67155439
7	47052660	47092258
7	66988273	66453260
7	66988379	66453366
7	148884323	148581415
14	95087922	95554259
14	95133531	95599868
15	90091766	90634998
2	66819984	67047116
2	197408082	198272806
2	208247409	209112133
21	34833389	36205686
21	35982065	37354363
4	105272496	106193653
5	31521324	31521431
7	148817457	148514549
7	148883573	148580665
12	6777714	6886880
2	203873347	204738070
2	208245187	209109911
2	208245546	209110270
22	43435103	43831023
5	31424327	31424434
5	31467518	31467625
6	134830171	135151309
7	66994531	66459518
11	95068309	94801472
14	95088604	95554941
14	95136913	95603250
15	90084321	90627553
16	86214470	86248076
16	86214529	86248135
2	66821197	67048329
2	197390420	198255144
20	32360418	30948221
4	105277179	106198336
7	148847254	148544346
9	5466739	5466739
1	24929359	25255850
10	70728689	72488445
15	73712922	74005263
15	90088199	90631431
15	90088906	90632138
17	7673951	7577269
17	7673954	7577272
17	82801665	80759541
17	82801668	80759544
17	82801788	80759664
19	7198013	7198024
2	25247135	25470004
2	25275279	25498148
2	25314016	25536885
2	25342416	25565285
2	197402637	198267361
2	208255326	209120050
20	32372600	30960403
21	10655563	10856894
21	10655566	10856891
21	10655583	10856874
21	35599703	36972001
21	35981927	37354225
21	35984511	37356809
21	35988148	37360446
5	31485045	31485152
5	31486283	31486390
5	31495418	31495525
5	31531912	31532019
5	67860449	67156277
6	45423212	45390949
6	134830076	135151214
7	47053922	47093520
7	72829992	72300571
7	148807814	148504906
17	82801747	80759623
17	82802008	80759884
2	25275616	25498485
2	197392284	198257008
2	208266259	209130983
21	34887027	36259324
21	35954659	37326957
4	105239074	106160231
5	31464023	31464130
7	66994193	66459180
7	72830990	72301570
1	1213065	1148445
14	95088448	95554785
17	82801634	80759510
17	82801745	80759621
2	25240402	25463271
2	25241656	25464525
2	153222332	154078846
2	197392572	198257296
2	208237065	209101789
2	208248389	209113113
2	208255583	209120307
21	34887207	36259504
21	35372873	36745171
4	105277053	106198210
5	31467285	31467392
5	177110039	176537040
7	66993006	66457993
15	73685179	73977520
15	90083119	90626351
2	203873396	204738119
2	208240408	209105132
2	208240409	209105133
2	208242386	209107110
20	32437886	31025689
21	34788176	36160473
21	35654669	37026967
22	43434928	43830848
10	70728657	72488413
14	95096965	95563302
17	7674828	7578146
17	76734761	74730843
2	32916335	33141402
2	208239506	209104230
2	241859041	242801193
21	34889800	36262097
4	105147841	106068998
4	105241765	106162922
6	7517788	7518021
6	45423103	45390840
7	66991436	66456423
7	148883614	148580706
11	91448614	91181780
12	6773764	6882930
17	7673544	7576862
17	7675237	7578555
2	203873355	204738078
2	203873359	204738082
2	203873361	204738084
2	203873363	204738086
2	241851174	242793326
21	35435898	36808196
21	35437916	36810214
21	35438009	36810307
21	35438663	36810961
21	35439218	36811516
21	35654749	37027047
5	67859410	67155238
14	95088329	95554666
14	95090184	95556521
14	95132721	95599058
15	90085305	90628537
15	90085545	90628777
17	7675124	7578442
17	76737241	74733323
2	241850719	242792871
20	32372310	30960113
21	34859316	36231613
21	35864574	37236872
4	105242752	106163909
5	67858577	67154405
7	66994210	66459197
9	5469654	5469654
15	90088906	90632138
2	208253695	209118419
7	47054512	47094110
15	90090085	90633317
15	90100845	90644077
17	7676570	7579888
17	76736754	74732836
2	25243928	25466797
2	25244616	25467485
2	203868216	204732939
2	208248125	209112849
2	208248388	209113112
2	241851281	242793433
2	241852468	242794620
2	241858637	242800789
2	241858748	242800900
20	32428316	31016119
20	32437485	31025288
21	34859476	36231773
21	35372926	36745224
4	77548807	78469961
4	105237402	106158559
5	67856800	67152628
7	72831331	72301911
7	148809201	148506293
7	148814975	148512067
14	95115952	95582289
16	67416378	67450281
17	82801811	80759687
2	25275696	25498565
2	208251254	209115978
22	43435085	43831005
17	82801757	80759633
2	25240907	25463776
20	32435122	31022925
20	32437650	31025453
20	32438382	31026185
20	32438452	31026255
4	105269583	106190740
7	66991433	66456420
12	6773744	6882910
17	7669911	7573229
2	241858999	242801151
5	67859030	67154858
6	132812961	133134100
7	148846601	148543693
7	148884469	148581561
7	148884481	148581573
8	37307950	37165468
15	73685176	73977517
17	82801482	80759358
17	82801785	80759661
17	82801869	80759745
18	10331583	10331580
2	32916331	33141398
2	32916332	33141399
2	197392575	198257299
5	31424616	31424723
7	66990937	66455924
4	77548364	78469518
1	24929544	25256035
12	6772698	6881864
14	95089488	95555825
14	95133439	95599776
16	67416372	67450275
2	203868163	204732886
2	203873327	204738050
2	241850723	242792875
21	34791522	36163819
5	31464068	31464175
9	5468647	5468647
15	90087140	90630372
2	197408781	198273505
2	241852974	242795126
5	31495372	31495479
7	72834049	72304629
7	72837449	72308028
1	24929558	25256049
1	72180902	72646585
2	25341926	25564795
7	599956	639593
7	148884089	148581181
2	150791762	151648276
17	7674872	7578190
2	25244319	25467188
4	77548117	78469271
14	95096101	95562438
15	73703140	73995481
15	73711418	74003759
15	73712732	74005073
15	91008773	91552003
17	7669200	7572518
17	7674664	7577982
17	7675337	7578655
17	7676324	7579642
2	25242174	25465043
2	66819882	67047014
2	197403523	198268247
2	208255194	209119918
21	35599723	36972021
21	35655047	37027345
6	163230893	163651925
15	90100372	90643604
17	76737259	74733341
2	197389722	198254446
2	197399991	198264715
20	32433080	31020883
20	32437623	31025426
21	34859859	36232156
21	35984653	37356951